0.000000 0.966267 0.821611 0.964572 0.845331 0.000000 0.913842 0.950054 0.844146 0.822069 0.892668 0.840532 0.854094 0.834654 0.934455 0.891853 0.948130 0.000000 0.000000 0.970654 0.849600 0.961096 0.000000 0.915984 0.000000 0.875955 0.949947 0.919285 0.000000 0.000000 0.871244 0.937842 0.893776 0.893724 0.944143 0.803003 0.851688 0.888286 0.902468 0.955473 0.893738 0.970784 0.973119
0.966267 0.000000 0.845041 0.972192 0.858606 0.000000 0.904480 0.945998 0.862899 0.826365 0.899475 0.854845 0.864859 0.854798 0.959606 0.903427 0.939024 0.000000 0.000000 0.958367 0.862462 0.950999 0.000000 0.919345 0.807749 0.882254 0.950978 0.910970 0.000000 0.000000 0.895928 0.933346 0.904284 0.882428 0.959711 0.817341 0.858138 0.904386 0.900553 0.943724 0.907461 0.966860 0.978828
0.821611 0.845041 0.000000 0.812550 0.807213 0.000000 0.000000 0.864968 0.906846 0.000000 0.813494 0.800068 0.000000 0.822539 0.857222 0.000000 0.000000 0.000000 0.000000 0.801303 0.000000 0.000000 0.000000 0.805433 0.000000 0.000000 0.801139 0.850570 0.825868 0.000000 0.815612 0.808619 0.820826 0.000000 0.880940 0.000000 0.807824 0.837182 0.823908 0.000000 0.805409 0.831522 0.824954
0.964572 0.972192 0.812550 -0.000000 0.872124 0.000000 0.920382 0.927062 0.851663 0.858159 0.926236 0.878021 0.890739 0.871945 0.946806 0.926370 0.962948 0.000000 0.000000 0.974180 0.884851 0.973401 0.809833 0.946176 0.840643 0.909555 0.969779 0.906883 0.000000 0.000000 0.905908 0.952186 0.927287 0.910773 0.944316 0.840353 0.879171 0.921963 0.926239 0.945452 0.912084 0.961627 0.964857
0.845331 0.858606 0.807213 0.872124 0.000000 0.810806 0.818352 0.822232 0.848473 0.843730 0.895393 0.956302 0.892808 0.958871 0.886403 0.918532 0.840112 0.000000 0.859465 0.849254 0.949532 0.835730 0.916642 0.856415 0.858239 0.904257 0.865260 0.814969 0.842913 0.846005 0.923160 0.858410 0.891365 0.821927 0.853903 0.926861 0.960817 0.936976 0.898360 0.820168 0.934044 0.849312 0.847174
0.000000 0.000000 0.000000 0.000000 0.810806 -0.000000 0.000000 0.000000 0.000000 0.842425 0.805400 0.877269 0.876180 0.850075 0.000000 0.842277 0.000000 0.000000 0.000000 0.000000 0.846196 0.000000 0.900551 0.000000 0.894381 0.851610 0.000000 0.000000 0.000000 0.000000 0.834942 0.000000 0.000000 0.000000 0.000000 0.910200 0.801794 0.000000 0.000000 0.000000 0.000000 0.000000 0.000000
0.913842 0.904480 0.000000 0.920382 0.818352 0.000000 0.000000 0.880686 0.832086 0.863258 0.915259 0.845257 0.866851 0.830493 0.883644 0.885478 0.951872 0.000000 0.000000 0.926102 0.857249 0.937139 0.000000 0.944348 0.851867 0.895016 0.931387 0.893989 0.000000 0.000000 0.856795 0.974358 0.911196 0.965041 0.888282 0.822542 0.839883 0.879904 0.928979 0.901610 0.845485 0.912942 0.897126
0.950054 0.945998 0.864968 0.927062 0.822232 0.000000 0.880686 -0.000000 0.874185 0.802940 0.858092 0.819483 0.833805 0.828940 0.920439 0.862871 0.895840 0.000000 0.000000 0.922002 0.820312 0.915660 0.000000 0.880033 0.000000 0.847334 0.903791 0.948881 0.000000 0.000000 0.858567 0.906977 0.864720 0.864680 0.950396 0.000000 0.821175 0.862651 0.868946 0.940141 0.864008 0.924693 0.938433
0.844146 0.862899 0.906846 0.851663 0.848473 0.000000 0.832086 0.874185 0.000000 0.812653 0.865175 0.861605 0.838066 0.872528 0.895140 0.847611 0.822841 0.000000 0.000000 0.841124 0.848424 0.840628 0.846220 0.843944 0.828794 0.850358 0.838527 0.841517 0.840331 0.000000 0.884068 0.841977 0.866403 0.807214 0.889753 0.825920 0.845555 0.882616 0.857900 0.834971 0.854621 0.843342 0.844148
0.822069 0.826365 0.000000 0.858159 0.843730 0.842425 0.863258 0.802940 0.812653 0.000000 0.903741 0.896267 0.922736 0.860511 0.828041 0.912114 0.855942 0.000000 0.000000 0.833871 0.903271 0.841314 0.854882 0.889571 0.937356 0.942375 0.852035 0.809429 0.000000 0.000000 0.859399 0.878946 0.892708 0.896504 0.819522 0.886491 0.866379 0.874350 0.916234 0.832981 0.824778 0.824412 0.809684
0.892668 0.899475 0.813494 0.926236 0.895393 0.805400 0.915259 0.858092 0.865175 0.903741 0.000000 0.921922 0.918220 0.900310 0.907341 0.946223 0.923671 0.000000 0.801499 0.901974 0.935424 0.912823 0.866884 0.962362 0.902981 0.944764 0.929666 0.865275 0.000000 0.000000 0.918645 0.931549 0.975480 0.916277 0.887891 0.897330 0.930815 0.949734 0.971354 0.873736 0.905185 0.895868 0.879370
0.840532 0.854845 0.800068 0.878021 0.956302 0.877269 0.845257 0.819483 0.861605 0.896267 0.921922 -0.000000 0.930974 0.951845 0.880394 0.939615 0.862478 0.000000 0.864942 0.853859 0.971186 0.848717 0.931984 0.885121 0.916703 0.940432 0.878236 0.814276 0.843416 0.842805 0.934812 0.876722 0.920277 0.850117 0.844828 0.963902 0.960272 0.947627 0.925309 0.833947 0.920287 0.846281 0.839053
0.854094 0.864859 0.000000 0.890739 0.892808 0.876180 0.866851 0.833805 0.838066 0.922736 0.918220 0.930974 0.000000 0.902555 0.890416 0.954165 0.870376 0.000000 0.000000 0.864149 0.929798 0.863374 0.882911 0.892138 0.950684 0.969960 0.890969 0.836182 0.000000 0.000000 0.912620 0.904592 0.910580 0.882565 0.858906 0.936101 0.897298 0.910180 0.924551 0.865977 0.899513 0.836777 0.850942
0.834654 0.854798 0.822539 0.871945 0.958871 0.850075 0.830493 0.828940 0.872528 0.860511 0.900310 0.951845 0.902555 0.000000 0.881753 0.910086 0.840817 0.000000 0.875251 0.847303 0.942934 0.840150 0.939375 0.865578 0.885190 0.908471 0.858061 0.818881 0.868403 0.878136 0.938091 0.860159 0.900442 0.831231 0.857506 0.922396 0.947695 0.935495 0.898752 0.826048 0.917099 0.836765 0.837357
0.934455 0.959606 0.857222 0.946806 0.886403 0.000000 0.883644 0.920439 0.895140 0.828041 0.907341 0.880394 0.890416 0.881753 -0.000000 0.919390 0.914715 0.000000 0.000000 0.929542 0.880701 0.917889 0.814965 0.904198 0.823788 0.896704 0.930840 0.889069 0.000000 0.000000 0.930971 0.919558 0.914258 0.864905 0.944011 0.849582 0.882602 0.924862 0.904093 0.915918 0.936433 0.927904 0.947891
0.891853 0.903427 0.000000 0.926370 0.918532 0.842277 0.885478 0.862871 0.847611 0.912114 0.946223 0.939615 0.954165 0.910086 0.919390 -0.000000 0.903595 0.000000 0.802489 0.901214 0.946357 0.895680 0.881777 0.918935 0.909425 0.967825 0.927742 0.852435 0.000000 0.000000 0.922913 0.925042 0.933494 0.884315 0.891815 0.925145 0.927993 0.942734 0.949775 0.883306 0.924199 0.888325 0.893407
0.948130 0.939024 0.000000 0.962948 0.840112 0.000000 0.951872 0.895840 0.822841 0.855942 0.923671 0.862478 0.870376 0.840817 0.914715 0.903595 0.000000 0.000000 0.000000 0.965218 0.873405 0.972599 0.000000 0.954534 0.839776 0.892670 0.968943 0.881383 0.000000 0.000000 0.883608 0.959120 0.921873 0.929394 0.907005 0.835049 0.859646 0.900159 0.923761 0.923364 0.882673 0.947756 0.936983
0.000000 0.000000 0.000000 0.000000 0.000000 0.000000 0.000000 0.000000 0.000000 0.000000 0.000000 0.000000 0.000000 0.000000 0.000000 0.000000 0.000000 0.000000 0.000000 0.000000 0.000000 0.000000 0.000000 0.000000 0.000000 0.000000 0.000000 0.000000 0.000000 0.000000 0.000000 0.000000 0.000000 0.000000 0.000000 0.000000 0.000000 0.000000 0.000000 0.000000 0.000000 0.000000 0.000000
0.000000 0.000000 0.000000 0.000000 0.859465 0.000000 0.000000 0.000000 0.000000 0.000000 0.801499 0.864942 0.000000 0.875251 0.000000 0.802489 0.000000 0.000000 0.000000 0.000000 0.863819 0.000000 0.915988 0.000000 0.801236 0.800564 0.000000 0.000000 0.830804 0.878797 0.816602 0.000000 0.000000 0.000000 0.000000 0.840877 0.864538 0.833376 0.000000 0.000000 0.000000 0.000000 0.000000
0.970654 0.958367 0.801303 0.974180 0.849254 0.000000 0.926102 0.922002 0.841124 0.833871 0.901974 0.853859 0.864149 0.847303 0.929542 0.901214 0.965218 0.000000 0.000000 0.000000 0.858477 0.983919 0.000000 0.925497 0.816160 0.881347 0.964329 0.891629 0.000000 0.000000 0.887342 0.943873 0.901944 0.897316 0.924001 0.817939 0.850879 0.893661 0.907477 0.950474 0.889854 0.962717 0.963674
0.849600 0.862462 0.000000 0.884851 0.949532 0.846196 0.857249 0.820312 0.848424 0.903271 0.935424 0.971186 0.929798 0.942934 0.880701 0.946357 0.873405 0.000000 0.863819 0.858477 -0.000000 0.854139 0.916447 0.900720 0.916894 0.945734 0.881902 0.823868 0.841302 0.849703 0.920501 0.887642 0.933132 0.863976 0.852230 0.949104 0.971888 0.956773 0.934741 0.829982 0.914427 0.862094 0.844796
0.961096 0.950999 0.000000 0.973401 0.835730 0.000000 0.937139 0.915660 0.840628 0.841314 0.912823 0.848717 0.863374 0.840150 0.917889 0.895680 0.972599 0.000000 0.000000 0.983919 0.854139 0.000000 0.000000 0.938883 0.826788 0.883749 0.967866 0.893481 0.000000 0.000000 0.881965 0.949154 0.911461 0.913154 0.917811 0.812148 0.845892 0.893316 0.911380 0.948511 0.884683 0.954799 0.953618
0.000000 0.000000 0.000000 0.809833 0.916642 0.900551 0.000000 0.000000 0.846220 0.854882 0.866884 0.931984 0.882911 0.939375 0.814965 0.881777 0.000000 0.000000 0.915988 0.000000 0.916447 0.000000 -0.000000 0.821671 0.891051 0.882041 0.806499 0.000000 0.863937 0.879692 0.891334 0.808283 0.856847 0.000000 0.000000 0.920085 0.908704 0.886881 0.863800 0.000000 0.857612 0.000000 0.000000
0.915984 0.919345 0.805433 0.946176 0.856415 0.000000 0.944348 0.880033 0.843944 0.889571 0.962362 0.885121 0.892138 0.865578 0.904198 0.918935 0.954534 0.000000 0.000000 0.925497 0.900720 0.938883 0.821671 0.000000 0.870936 0.920025 0.953672 0.892314 0.000000 0.000000 0.891152 0.954755 0.957801 0.947251 0.897393 0.855331 0.888952 0.925301 0.955358 0.896029 0.875371 0.922302 0.902254
0.000000 0.807749 0.000000 0.840643 0.858239 0.894381 0.851867 0.000000 0.828794 0.937356 0.902981 0.916703 0.950684 0.885190 0.823788 0.909425 0.839776 0.000000 0.801236 0.816160 0.916894 0.826788 0.891051 0.870936 0.000000 0.937532 0.843537 0.000000 0.000000 0.000000 0.872883 0.865814 0.891265 0.871564 0.800315 0.923803 0.880036 0.882461 0.900717 0.818089 0.837390 0.000000 0.000000
0.875955 0.882254 0.000000 0.909555 0.904257 0.851610 0.895016 0.847334 0.850358 0.942375 0.944764 0.940432 0.969960 0.908471 0.896704 0.967825 0.892670 0.000000 0.800564 0.881347 0.945734 0.883749 0.882041 0.920025 0.937532 0.000000 0.907110 0.858647 0.000000 0.000000 0.913290 0.924052 0.937797 0.906597 0.874804 0.930379 0.916135 0.933074 0.953945 0.876610 0.904984 0.871472 0.872597
0.949947 0.950978 0.801139 0.969779 0.865260 0.000000 0.931387 0.903791 0.838527 0.852035 0.929666 0.878236 0.890969 0.858061 0.930840 0.927742 0.968943 0.000000 0.000000 0.964329 0.881902 0.967866 0.806499 0.953672 0.843537 0.907110 -0.000000 0.890050 0.000000 0.000000 0.892524 0.953696 0.926189 0.918411 0.918414 0.850243 0.873134 0.913286 0.930119 0.928001 0.903947 0.944118 0.944549
0.919285 0.910970 0.850570 0.906883 0.814969 0.000000 0.893989 0.948881 0.841517 0.809429 0.865275 0.814276 0.836182 0.818881 0.889069 0.852435 0.881383 0.000000 0.000000 0.891629 0.823868 0.893481 0.000000 0.892314 0.000000 0.858647 0.890050 0.000000 0.000000 0.000000 0.828730 0.911886 0.875713 0.886241 0.919567 0.000000 0.825543 0.862151 0.884784 0.917080 0.823434 0.904582 0.896993
0.000000 0.000000 0.825868 0.000000 0.842913 0.000000 0.000000 0.000000 0.840331 0.000000 0.000000 0.843416 0.000000 0.868403 0.000000 0.000000 0.000000 0.000000 0.830804 0.000000 0.841302 0.000000 0.863937 0.000000 0.000000 0.000000 0.000000 0.000000 0.000000 0.905727 0.814189 0.000000 0.000000 0.000000 0.000000 0.000000 0.855049 0.842570 0.817787 0.000000 0.000000 0.000000 0.000000
0.000000 0.000000 0.000000 0.000000 0.846005 0.000000 0.000000 0.000000 0.000000 0.000000 0.000000 0.842805 0.000000 0.878136 0.000000 0.000000 0.000000 0.000000 0.878797 0.000000 0.849703 0.000000 0.879692 0.000000 0.000000 0.000000 0.000000 0.000000 0.905727 0.000000 0.000000 0.000000 0.803624 0.000000 0.000000 0.000000 0.869933 0.832085 0.804670 0.000000 0.000000 0.000000 0.000000
0.871244 0.895928 0.815612 0.905908 0.923160 0.834942 0.856795 0.858567 0.884068 0.859399 0.918645 0.934812 0.912620 0.938091 0.930971 0.922913 0.883608 0.000000 0.816602 0.887342 0.920501 0.881965 0.891334 0.891152 0.872883 0.913290 0.892524 0.828730 0.814189 0.000000 0.000000 0.888130 0.921640 0.851197 0.876176 0.908452 0.918101 0.937510 0.902362 0.868134 0.945768 0.867066 0.879303
0.937842 0.933346 0.808619 0.952186 0.858410 0.000000 0.974358 0.906977 0.841977 0.878946 0.931549 0.876722 0.904592 0.860159 0.919558 0.925042 0.959120 0.000000 0.000000 0.943873 0.887642 0.949154 0.808283 0.954755 0.865814 0.924052 0.953696 0.911886 0.000000 0.000000 0.888130 0.000000 0.926844 0.961136 0.919825 0.850803 0.873377 0.908561 0.951240 0.922030 0.888391 0.929666 0.928124
0.893776 0.904284 0.820826 0.927287 0.891365 0.000000 0.911196 0.864720 0.866403 0.892708 0.975480 0.920277 0.910580 0.900442 0.914258 0.933494 0.921873 0.000000 0.000000 0.901944 0.933132 0.911461 0.856847 0.957801 0.891265 0.937797 0.926189 0.875713 0.000000 0.803624 0.921640 0.926844 -0.000000 0.913040 0.891219 0.887451 0.929689 0.960183 0.955231 0.877217 0.900925 0.903762 0.883976
0.893724 0.882428 0.000000 0.910773 0.821927 0.000000 0.965041 0.864680 0.807214 0.896504 0.916277 0.850117 0.882565 0.831231 0.864905 0.884315 0.929394 0.000000 0.000000 0.897316 0.863976 0.913154 0.000000 0.947251 0.871564 0.906597 0.918411 0.886241 0.000000 0.000000 0.851197 0.961136 0.913040 -0.000000 0.873402 0.834221 0.846105 0.878669 0.931902 0.881603 0.837384 0.888512 0.870661
0.944143 0.959711 0.880940 0.944316 0.853903 0.000000 0.888282 0.950396 0.889753 0.819522 0.887891 0.844828 0.858906 0.857506 0.944011 0.891815 0.907005 0.000000 0.000000 0.924001 0.852230 0.917811 0.000000 0.897393 0.800315 0.874804 0.918414 0.919567 0.000000 0.000000 0.876176 0.919825 0.891219 0.873402 0.000000 0.806490 0.853213 0.899826 0.895303 0.913300 0.891722 0.940339 0.950415
0.803003 0.817341 0.000000 0.840353 0.926861 0.910200 0.822542 0.000000 0.825920 0.886491 0.897330 0.963902 0.936101 0.922396 0.849582 0.925145 0.835049 0.000000 0.840877 0.817939 0.949104 0.812148 0.920085 0.855331 0.923803 0.930379 0.850243 0.000000 0.000000 0.000000 0.908452 0.850803 0.887451 0.834221 0.806490 0.000000 0.926215 0.912731 0.897729 0.000000 0.898354 0.805981 0.803263
0.851688 0.858138 0.807824 0.879171 0.960817 0.801794 0.839883 0.821175 0.845555 0.866379 0.930815 0.960272 0.897298 0.947695 0.882602 0.927993 0.859646 0.000000 0.864538 0.850879 0.971888 0.845892 0.908704 0.888952 0.880036 0.916135 0.873134 0.825543 0.855049 0.869933 0.918101 0.873377 0.929689 0.846105 0.853213 0.926215 0.000000 0.961787 0.922770 0.819808 0.928216 0.857214 0.840977
0.888286 0.904386 0.837182 0.921963 0.936976 0.000000 0.879904 0.862651 0.882616 0.874350 0.949734 0.947627 0.910180 0.935495 0.924862 0.942734 0.900159 0.000000 0.833376 0.893661 0.956773 0.893316 0.886881 0.925301 0.882461 0.933074 0.913286 0.862151 0.842570 0.832085 0.937510 0.908561 0.960183 0.878669 0.899826 0.912731 0.961787 0.000000 0.940632 0.866542 0.934811 0.896845 0.887771
0.902468 0.900553 0.823908 0.926239 0.898360 0.000000 0.928979 0.868946 0.857900 0.916234 0.971354 0.925309 0.924551 0.898752 0.904093 0.949775 0.923761 0.000000 0.000000 0.907477 0.934741 0.911380 0.863800 0.955358 0.900717 0.953945 0.930119 0.884784 0.817787 0.804670 0.902362 0.951240 0.955231 0.931902 0.895303 0.897729 0.922770 0.940632 0.000000 0.887391 0.892181 0.902862 0.888889
0.955473 0.943724 0.000000 0.945452 0.820168 0.000000 0.901610 0.940141 0.834971 0.832981 0.873736 0.833947 0.865977 0.826048 0.915918 0.883306 0.923364 0.000000 0.000000 0.950474 0.829982 0.948511 0.000000 0.896029 0.818089 0.876610 0.928001 0.917080 0.000000 0.000000 0.868134 0.922030 0.877217 0.881603 0.913300 0.000000 0.819808 0.866542 0.887391 0.000000 0.862475 0.927975 0.939730
0.893738 0.907461 0.805409 0.912084 0.934044 0.000000 0.845485 0.864008 0.854621 0.824778 0.905185 0.920287 0.899513 0.917099 0.936433 0.924199 0.882673 0.000000 0.000000 0.889854 0.914427 0.884683 0.857612 0.875371 0.837390 0.904984 0.903947 0.823434 0.000000 0.000000 0.945768 0.888391 0.900925 0.837384 0.891722 0.898354 0.928216 0.934811 0.892181 0.862475 -0.000000 0.882870 0.901968
0.970784 0.966860 0.831522 0.961627 0.849312 0.000000 0.912942 0.924693 0.843342 0.824412 0.895868 0.846281 0.836777 0.836765 0.927904 0.888325 0.947756 0.000000 0.000000 0.962717 0.862094 0.954799 0.000000 0.922302 0.000000 0.871472 0.944118 0.904582 0.000000 0.000000 0.867066 0.929666 0.903762 0.888512 0.940339 0.805981 0.857214 0.896845 0.902862 0.927975 0.882870 0.000000 0.973917
0.973119 0.978828 0.824954 0.964857 0.847174 0.000000 0.897126 0.938433 0.844148 0.809684 0.879370 0.839053 0.850942 0.837357 0.947891 0.893407 0.936983 0.000000 0.000000 0.963674 0.844796 0.953618 0.000000 0.902254 0.000000 0.872597 0.944549 0.896993 0.000000 0.000000 0.879303 0.928124 0.883976 0.870661 0.950415 0.803263 0.840977 0.887771 0.888889 0.939730 0.901968 0.973917 0.000000
